g1 52 65 9
pins g1 0 27 0 47 0 64 52 51 52 43 52 26
g2 65 56 28
pins g2 0 0 0 11 65 42 65 18 65 6 65 48
g3 55 54 3
pins g3 0 10 0 33 0 43 0 40 55 8 55 21 55 10
g4 74 54 50
pins g4 0 50 0 22 0 41 0 2 0 31 74 0 74 30 74 18 74 23
g5 56 75 25
pins g5 0 2 0 67 0 29 0 24 0 57 56 6 56 11
g6 55 56 46
pins g6 0 29 0 54 0 50 0 0 0 11 55 48 55 44 55 52 55 4 55 8 55 10
g7 69 64 12
pins g7 0 38 0 25 69 36 69 58
g8 52 62 43
pins g8 0 61 0 9 0 46 0 25 0 34 0 2 52 7 52 30 52 16 52 25 52 45
g9 74 68 48
pins g9 0 3 0 25 0 56 0 18 74 44 74 6 74 29 74 55 74 32 74 53 74 62
g10 73 54 42
pins g10 0 1 0 8 73 2
g11 70 69 18
pins g11 0 18 0 24 0 16 0 68 0 31 70 60 70 57 70 23 70 33 70 64 70 10
g12 63 55 7
pins g12 0 23 0 36 0 21 0 4 63 6 63 53 63 20 63 37
g13 58 52 21
pins g13 0 14 0 52 0 15 0 10 58 4 58 14 58 2 58 25 58 40 58 12
g14 56 71 18
pins g14 0 56 56 28 56 37
g15 62 60 34
pins g15 0 36 0 21 0 5 62 42 62 16 62 55
g16 56 57 15
pins g16 0 1 0 37 56 56 56 45 56 52 56 46 56 5
g17 55 60 14
pins g17 0 45 0 23 55 7 55 27
g18 50 75 31
pins g18 0 13 0 64 0 12 0 42 0 44 0 59 0 22 50 43 50 11
g19 73 50 50
pins g19 0 36 0 38 0 45 0 27 0 17 0 42 73 5 73 28 73 33 73 15 73 41
g20 65 75 33
pins g20 0 12 65 3
g21 59 54 46
pins g21 0 48 0 8 0 31 0 4 0 23 0 9 0 13 0 21 0 39 0 52 59 49
g22 50 52 8
pins g22 0 10 0 14 0 47 0 16 0 44 50 43 50 6 50 47 50 2 50 46
g23 74 50 16
pins g23 0 12 0 17 0 32 74 34 74 7 74 8 74 5 74 2 74 22 74 27 74 33
g24 65 51 36
pins g24 0 3 0 2 0 35 65 0 65 9 65 41
g25 55 64 13
pins g25 0 16 0 20 0 64 0 14 0 51 55 35 55 0 55 6 55 49 55 13
g26 74 65 36
pins g26 0 52 0 27 0 19 0 56 74 37 74 11 74 35 74 44 74 49 74 50
g27 60 75 50
pins g27 0 26 0 10 0 71 60 41 60 62 60 27
g28 58 51 20
pins g28 0 39 0 42 58 27 58 43
g29 66 58 12
pins g29 0 35 0 42 0 47 0 10 0 34 0 7 0 27 66 58 66 42 66 45 66 8
g30 52 51 42
pins g30 0 44 0 26 0 1 0 49 0 48 0 30 0 29 52 31 52 15 52 37 52 5
g31 55 65 20
pins g31 0 29 55 29
g32 70 74 35
pins g32 0 5 70 30
g33 62 64 2
pins g33 0 4 0 34 0 61 0 41 62 44 62 18 62 51 62 4
g34 65 56 19
pins g34 0 18 0 44 0 30 65 40
g35 57 72 27
pins g35 0 30 57 8 57 41
g36 53 66 18
pins g36 0 66 53 37 53 38 53 65 53 1 53 55 53 14
g37 61 71 46
pins g37 0 70 0 38 0 42 0 69 0 55 0 26 61 53 61 31 61 33 61 39 61 60
g38 72 66 2
pins g38 0 56 0 40 72 21 72 55
g39 72 71 6
pins g39 0 27 0 6 72 48 72 39
g40 56 57 7
pins g40 0 54 56 13 56 45
g41 54 57 33
pins g41 0 43 0 54 54 4 54 41 54 9
g42 51 74 32
pins g42 0 20 0 59 0 12 0 25 0 60 0 15 51 3 51 44 51 40
g43 65 56 45
pins g43 0 16 65 32
g44 75 51 31
pins g44 0 42 0 37 0 44 0 33 75 48 75 24
g45 66 65 28
pins g45 0 48 0 6 66 64 66 50 66 11
g46 56 74 47
pins g46 0 27 56 40 56 73 56 60 56 30 56 19 56 49 56 20
g47 72 56 46
pins g47 0 30 0 13 72 49 72 36
g48 66 53 50
pins g48 0 43 0 14 0 41 0 1 0 10 66 39 66 23 66 27 66 32
g49 62 51 23
pins g49 0 22 0 51 0 7 0 12 0 29 62 6 62 18 62 37 62 35 62 3
g50 56 68 28
pins g50 0 63 0 23 0 34 0 52 0 12 56 62 56 61 56 43 56 6 56 58
g51 57 55 43
pins g51 0 50 57 52
g52 71 74 40
pins g52 0 19 71 30 71 1
g53 60 55 34
pins g53 0 30 0 48 0 29 0 4 0 36 0 20 0 37 60 38 60 45 60 36 60 48
g54 55 59 23
pins g54 0 3 0 51 0 48 0 8 55 27 55 51 55 8 55 36
g55 52 56 13
pins g55 0 22 52 21 52 54
g56 69 52 48
pins g56 0 27 0 5 0 35 0 19 69 17 69 6 69 18 69 3 69 23 69 27 69 39
g57 50 59 29
pins g57 0 50 0 59 0 38 50 24 50 31 50 26
g58 50 63 38
pins g58 0 42 50 54 50 55 50 63 50 61
g59 63 59 13
pins g59 0 39 0 48 0 27 0 11 0 17 0 49 63 17 63 50 63 31 63 25
g60 73 66 42
pins g60 0 36 0 27 0 54 0 50 0 13 0 7 73 49 73 0 73 27
g61 62 53 20
pins g61 0 8 0 52 62 24 62 28
g62 55 68 16
pins g62 0 30 0 44 0 11 55 22 55 27
g63 62 65 12
pins g63 0 37 0 11 0 17 62 53 62 17 62 59 62 37 62 55 62 64 62 48
g64 75 66 1
pins g64 0 12 0 25 0 8 0 63 75 18 75 56
g65 50 68 44
pins g65 0 56 0 52 50 4 50 19 50 44 50 65 50 23 50 7 50 20
g66 67 68 22
pins g66 0 41 0 6 0 30 67 25 67 65 67 54 67 9
g67 74 53 32
pins g67 0 42 0 25 0 0 0 16 0 30 0 15 74 25 74 11 74 46 74 34 74 28
g68 50 72 25
pins g68 0 50 0 0 0 2 50 65 50 8 50 30
g69 65 60 35
pins g69 0 29 0 21 0 7 0 47 0 39 0 46 65 54 65 45 65 37 65 4
g70 68 51 1
pins g70 0 36 0 41 0 7 68 47 68 30 68 46 68 12 68 1 68 26
g71 59 70 34
pins g71 0 30 0 31 0 64 0 1 59 39 59 6 59 64 59 35
g72 66 75 6
pins g72 0 44 0 62 66 63 66 4
g73 53 62 50
pins g73 0 34 0 3 0 56 53 44 53 4 53 31 53 28 53 50 53 33 53 49 53 16
g74 56 63 19
pins g74 0 26 0 52 56 56 56 27
g75 50 64 40
pins g75 0 32 50 22
g76 62 56 36
pins g76 0 18 62 16 62 55 62 17 62 46 62 40 62 47 62 48 62 52 62 31 62 33
g77 66 70 49
pins g77 0 46 66 67
g78 71 65 12
pins g78 0 29 0 41 0 22 71 46 71 33 71 30 71 11 71 50
g79 61 67 16
pins g79 0 50 0 46 0 43 0 35 61 51 61 15 61 30 61 56
g80 67 70 13
pins g80 0 65 0 44 0 61 67 24 67 37 67 25 67 54 67 52 67 49
g81 51 57 15
pins g81 0 48 0 29 0 33 51 33 51 14
g82 62 52 26
pins g82 0 37 62 50 62 45 62 43 62 42
g83 62 64 16
pins g83 0 15 62 10
g84 72 56 1
pins g84 0 14 0 34 72 8 72 51
g85 68 68 47
pins g85 0 5 0 4 0 44 0 49 0 19 68 44 68 24
g86 60 65 9
pins g86 0 52 60 63
g87 64 71 25
pins g87 0 5 64 9
g88 57 62 38
pins g88 0 6 57 43
g89 75 56 11
pins g89 0 0 0 4 0 14 75 14 75 42
g90 54 56 7
pins g90 0 38 0 39 0 37 0 47 54 17 54 1 54 11
g91 63 52 47
pins g91 0 5 0 14 0 22 0 50 63 10 63 6 63 41 63 48
g92 52 63 35
pins g92 0 38 0 23 0 24 0 49 0 60 52 13 52 11 52 19 52 33 52 47
g93 51 71 38
pins g93 0 2 0 30 0 29 0 67 0 13 51 54 51 34 51 64 51 0
g94 71 57 42
pins g94 0 29 0 20 0 13 0 57 0 14 0 11 71 47 71 20 71 29 71 35 71 21
g95 68 56 35
pins g95 0 56 0 18 0 24 68 5 68 17
g96 59 56 44
pins g96 0 23 0 1 59 24 59 35 59 23
g97 52 59 30
pins g97 0 2 0 17 0 50 0 21 52 0 52 41
g98 50 58 32
pins g98 0 51 0 19 0 6 0 40 50 34 50 15 50 13 50 45 50 36
g99 57 66 37
pins g99 0 12 0 22 57 61
g100 54 64 19
pins g100 0 33 0 42 54 59 54 48
g101 62 61 26
pins g101 0 4 62 15
g102 56 52 46
pins g102 0 50 0 28 0 29 0 3 0 25 0 36 56 42 56 1 56 15
g103 63 57 19
pins g103 0 37 0 57 0 31 0 0 63 9 63 31 63 27 63 32 63 53 63 0
g104 52 73 32
pins g104 0 17 0 52 52 72
g105 67 67 14
pins g105 0 47 0 24 0 8 67 8 67 20 67 33
g106 63 57 18
pins g106 0 26 0 13 63 56 63 32
g107 70 65 1
pins g107 0 11 0 36 70 12
g108 52 51 32
pins g108 0 40 0 38 0 2 0 25 0 4 52 41 52 10 52 28 52 46 52 11 52 8
g109 73 50 37
pins g109 0 34 73 14
g110 53 73 13
pins g110 0 16 0 0 53 3 53 0
g111 53 59 11
pins g111 0 45 53 22 53 18 53 43
g112 71 54 18
pins g112 0 20 0 23 0 5 0 2 0 8 71 16 71 52 71 23 71 40 71 22 71 35
g113 75 63 6
pins g113 0 14 0 42 0 0 0 31 0 28 0 9 0 1 75 33 75 29 75 28 75 9
g114 69 63 10
pins g114 0 25 69 18
g115 64 68 28
pins g115 0 18 0 19 0 20 64 18 64 34 64 62
g116 74 55 42
pins g116 0 55 74 22
g117 75 52 46
pins g117 0 42 75 46 75 38 75 35 75 37
g118 66 69 39
pins g118 0 23 66 51 66 69 66 49 66 38
g119 68 72 27
pins g119 0 68 0 16 0 54 68 66
g120 65 51 3
pins g120 0 7 0 34 65 9 65 21 65 47 65 36 65 35 65 40
g121 72 66 34
pins g121 0 10 72 37 72 23
g122 75 58 22
pins g122 0 24 75 38
g123 64 74 15
pins g123 0 61 64 18 64 38
g124 51 71 24
pins g124 0 53 0 59 51 41
g125 54 68 6
pins g125 0 9 0 6 0 46 0 32 0 36 54 15 54 12 54 22 54 47 54 30
g126 65 54 39
pins g126 0 44 0 32 0 14 0 42 65 23 65 11 65 48 65 25 65 0
g127 63 75 6
pins g127 0 3 0 75 0 39 63 28 63 42 63 48
g128 60 73 26
pins g128 0 33 60 4 60 55 60 41 60 49 60 5 60 15
g129 74 63 2
pins g129 0 12 0 35 0 44 0 37 0 33 0 48 74 19 74 2 74 25 74 43
g130 63 59 4
pins g130 0 53 0 16 0 20 63 7 63 0 63 44 63 19 63 51 63 9 63 22
g131 56 64 3
pins g131 0 34 0 10 0 6 0 29 0 5 0 46 56 26 56 22
g132 73 72 4
pins g132 0 70 73 58 73 38
g133 68 56 15
pins g133 0 6 0 20 0 22 0 26 0 9 0 15 68 19 68 27 68 13 68 35
g134 53 63 11
pins g134 0 57 0 48 0 52 0 28 0 16 0 59 53 9 53 2 53 56
g135 67 59 46
pins g135 0 22 0 8 0 6 67 3
g136 64 50 35
pins g136 0 49 0 18 0 29 64 1 64 49 64 32 64 18
g137 62 71 16
pins g137 0 14 62 10 62 21 62 44
g138 65 75 1
pins g138 0 74 0 18 0 5 65 43 65 30 65 35
g139 51 70 3
pins g139 0 56 0 12 0 17 0 39 51 27 51 68 51 14 51 21 51 11 51 8 51 43
g140 74 69 16
pins g140 0 55 0 27 0 53 0 51 0 43 0 58 74 3 74 8 74 40 74 19
g141 62 67 35
pins g141 0 63 0 65 0 54 0 25 62 7 62 13
g142 60 69 17
pins g142 0 22 0 65 60 14
g143 72 70 43
pins g143 0 67 0 17 0 59 0 1 0 10 72 68
g144 54 71 10
pins g144 0 52 54 1
g145 51 62 29
pins g145 0 16 0 42 0 7 51 20 51 7 51 60
g146 50 70 49
pins g146 0 46 50 65
g147 67 68 31
pins g147 0 20 0 6 0 68 0 5 0 54 67 33 67 65 67 45 67 20
g148 60 69 13
pins g148 0 25 0 43 60 47 60 44 60 43
g149 54 75 18
pins g149 0 3 0 5 0 6 0 52 54 23 54 73 54 74 54 69 54 36 54 30
g150 64 67 44
pins g150 0 59 0 6 0 55 0 45 0 7 0 36 0 50 64 50 64 14 64 11
g151 73 69 43
pins g151 0 49 0 43 73 14
g152 75 54 27
pins g152 0 43 0 53 75 34 75 25 75 40 75 47
g153 75 66 11
pins g153 0 23 0 7 0 30 0 36 0 20 75 37
g154 73 50 10
pins g154 0 10 0 26 0 42 0 17 0 43 0 44 73 22 73 26
g155 74 65 2
pins g155 0 20 74 55 74 26 74 21
g156 75 65 23
pins g156 0 37 0 31 0 5 75 16 75 6
g157 56 71 1
pins g157 0 3 0 35 0 23 0 9 56 64 56 66
g158 74 60 15
pins g158 0 4 74 58
g159 60 66 4
pins g159 0 28 0 51 0 44 60 31 60 13 60 23 60 34 60 39 60 52 60 51
g160 60 65 22
pins g160 0 54 0 0 60 60 60 28
g161 61 52 38
pins g161 0 47 0 15 0 52 0 29 0 24 61 11 61 2
g162 59 55 29
pins g162 0 16 0 19 59 42 59 51 59 22 59 36 59 33
g163 57 65 30
pins g163 0 14 0 8 0 30 0 44 57 64 57 19 57 28
g164 56 60 11
pins g164 0 37 0 47 0 48 56 13 56 29 56 7 56 52 56 10
g165 71 51 10
pins g165 0 8 0 48 71 39 71 40
g166 71 54 18
pins g166 0 16 0 15 0 8 0 36 71 30 71 53 71 38 71 50 71 20 71 36
g167 56 66 9
pins g167 0 24 0 57 0 8 56 55 56 63 56 57 56 13 56 7 56 4 56 15
g168 65 67 50
pins g168 0 67 65 18
g169 73 70 3
pins g169 0 6 73 42 73 60 73 45 73 14 73 67
g170 53 64 39
pins g170 0 63 0 10 0 2 0 32 0 46 53 59 53 61 53 33 53 50
g171 71 68 32
pins g171 0 6 0 51 71 19 71 25 71 49
g172 63 70 48
pins g172 0 41 0 23 0 46 63 41 63 55 63 46
g173 65 52 10
pins g173 0 41 0 39 0 15 0 20 65 27 65 8 65 36 65 10 65 49
g174 60 72 44
pins g174 0 21 0 19 0 55 60 28 60 10 60 61 60 64 60 62
g175 64 56 12
pins g175 0 17 0 36 0 33 0 43 64 42 64 21 64 52 64 43
g176 70 68 35
pins g176 0 8 0 14 0 1 0 4 0 21 70 46 70 36 70 35 70 18 70 6
g177 64 61 44
pins g177 0 4 0 61 0 23 0 5 64 38 64 34 64 3 64 19 64 25 64 18 64 43
g178 61 75 6
pins g178 0 63 61 41
g179 68 59 15
pins g179 0 28 0 45 0 11 0 30 68 56 68 59 68 11 68 37 68 43 68 14
g180 56 70 12
pins g180 0 12 56 54 56 67
g181 54 52 28
pins g181 0 18 0 26 0 39 0 13 0 28 0 48 0 46 54 10
g182 70 74 25
pins g182 0 71 0 68 0 29 70 31 70 55
g183 73 71 25
pins g183 0 53 73 40
g184 59 55 4
pins g184 0 0 0 45 0 49 0 33 0 27 0 21 59 41 59 48 59 47 59 9
g185 67 69 16
pins g185 0 51 0 52 0 17 0 18 0 12 0 59 0 35 67 57 67 51 67 47 67 29
g186 61 54 25
pins g186 0 31 0 33 61 37
g187 58 62 39
pins g187 0 58 58 19
g188 67 52 39
pins g188 0 36 67 26 67 45
g189 74 61 7
pins g189 0 36 0 4 74 61 74 4 74 21 74 9
g190 74 59 38
pins g190 0 45 74 44
g191 70 74 22
pins g191 0 61 0 10 70 52 70 16 70 61 70 22
g192 74 67 11
pins g192 0 67 74 25 74 5
g193 73 64 1
pins g193 0 49 0 21 0 55 0 53 0 60 0 0 0 47 73 32 73 46 73 42
g194 65 53 27
pins g194 0 5 0 9 0 25 0 14 0 19 0 35 65 47 65 16 65 24 65 32 65 3
g195 54 70 48
pins g195 0 68 0 2 54 34 54 38
g196 72 54 2
pins g196 0 47 72 38 72 8
g197 55 65 39
pins g197 0 47 55 53
g198 51 61 42
pins g198 0 33 0 35 0 11 51 38 51 12 51 36
g199 64 68 42
pins g199 0 27 64 14
g200 57 75 43
pins g200 0 22 57 31
g201 61 58 31
pins g201 0 33 0 56 0 42 0 30 0 19 0 10 61 49 61 29 61 34 61 1 61 53
g202 61 65 11
pins g202 0 57 61 9
g203 66 56 2
pins g203 0 51 0 38 0 20 0 39 0 14 0 18 0 8 66 33 66 25 66 15
g204 51 68 39
pins g204 0 45 0 15 0 10 51 55 51 31 51 48 51 37 51 1 51 50
g205 69 56 3
pins g205 0 20 0 35 69 38 69 3 69 23 69 12 69 48 69 44 69 46
g206 64 73 9
pins g206 0 58 0 21 0 13 0 33 64 19 64 60 64 31
g207 68 73 34
pins g207 0 50 0 68 0 22 0 46 68 37 68 53 68 32 68 47 68 18 68 66
g208 62 68 9
pins g208 0 31 0 8 62 8
g209 59 67 18
pins g209 0 66 0 25 0 27 0 19 0 37 0 15 59 17 59 3 59 4 59 28
g210 66 65 29
pins g210 0 0 0 23 0 39 0 27 66 64 66 3 66 42 66 59 66 5
g211 62 51 27
pins g211 0 25 0 2 0 38 0 46 0 14 62 41 62 11 62 32
g212 59 64 23
pins g212 0 50 59 7 59 19 59 11
g213 60 70 31
pins g213 0 12 0 15 0 69 0 54 0 4 0 13 0 32 0 60 60 7 60 59
g214 57 52 37
pins g214 0 16 0 18 57 22
g215 51 71 17
pins g215 0 30 0 58 0 20 0 34 51 15 51 61 51 16 51 55 51 48 51 17 51 46
g216 56 58 18
pins g216 0 32 0 57 0 17 56 19 56 13 56 7 56 42 56 8
g217 67 63 32
pins g217 0 13 0 5 0 9 0 0 67 38 67 43 67 23
g218 57 58 7
pins g218 0 17 0 37 57 38 57 21 57 14
g219 59 55 13
pins g219 0 42 59 21
g220 67 56 26
pins g220 0 19 0 34 0 37 67 14 67 19 67 56 67 29
g221 55 68 13
pins g221 0 51 0 33 0 2 0 17 0 44 55 59 55 58
g222 74 67 26
pins g222 0 67 74 47 74 3
g223 53 62 23
pins g223 0 58 53 12
g224 51 53 33
pins g224 0 10 0 30 0 18 0 5 0 14 0 51 0 37 51 18 51 9 51 25 51 11
g225 59 60 48
pins g225 0 5 0 11 0 59 0 1 59 4 59 0
g226 58 61 16
pins g226 0 27 0 5 0 58 0 41 58 58 58 47
g227 63 71 17
pins g227 0 4 0 14 63 9 63 19 63 30 63 38 63 40 63 27 63 51
g228 56 74 8
pins g228 0 11 0 26 56 13 56 8 56 5
g229 72 75 14
pins g229 0 34 0 60 0 65 0 27 0 1 72 58 72 48
g230 64 58 13
pins g230 0 2 0 15 0 52 64 55
g231 74 64 34
pins g231 0 2 74 27
g232 51 58 17
pins g232 0 40 0 58 0 33 0 30 0 22 51 17 51 35 51 27
g233 70 59 32
pins g233 0 19 0 23 0 1 70 16 70 37
g234 65 58 46
pins g234 0 31 0 15 0 17 0 52 0 9 65 4 65 5 65 11 65 16 65 26
g235 70 74 9
pins g235 0 22 0 17 70 12 70 29 70 32 70 24 70 56 70 71 70 8 70 70
g236 68 59 5
pins g236 0 36 0 33 68 51
g237 67 54 7
pins g237 0 21 0 30 0 48 0 13 67 19
g238 54 51 37
pins g238 0 3 0 16 54 36
g239 71 59 14
pins g239 0 44 0 24 0 33 0 18 71 40 71 31
g240 56 50 40
pins g240 0 2 0 48 0 0 0 40 0 44 56 50 56 40 56 17
g241 55 65 27
pins g241 0 61 55 34
g242 73 71 30
pins g242 0 43 0 25 73 7
g243 67 58 49
pins g243 0 15 0 40 0 46 0 11 67 14 67 57 67 11 67 39
g244 61 59 7
pins g244 0 13 0 48 0 17 0 46 61 11 61 40 61 44 61 12
g245 69 55 39
pins g245 0 28 69 12
g246 56 56 30
pins g246 0 9 0 42 0 27 0 44 0 50 56 6 56 33 56 42 56 17 56 46 56 2
g247 64 73 49
pins g247 0 9 64 38 64 52 64 31 64 35
g248 67 50 15
pins g248 0 4 0 38 67 35
g249 60 74 5
pins g249 0 26 60 66
g250 72 50 22
pins g250 0 38 0 0 0 31 72 41 72 9 72 15 72 31
g251 74 73 40
pins g251 0 19 0 27 0 70 0 53 74 10 74 18 74 31 74 61 74 54 74 62
g252 65 53 2
pins g252 0 44 0 26 65 23
g253 51 65 36
pins g253 0 19 0 31 0 7 0 50 0 33 0 20 51 25 51 31 51 30 51 37
g254 52 73 10
pins g254 0 66 0 31 52 31 52 39 52 10 52 49 52 64
g255 59 68 20
pins g255 0 20 0 33 0 11 0 62 0 39 59 20 59 57 59 4 59 11 59 5 59 51
g256 74 53 2
pins g256 0 37 74 23
g257 70 52 36
pins g257 0 13 0 26 0 14 70 50 70 9 70 11 70 47
g258 50 56 21
pins g258 0 38 50 27
g259 68 68 19
pins g259 0 3 0 65 0 36 0 42 68 12 68 63 68 47 68 65 68 5 68 61 68 41
g260 50 73 20
pins g260 0 20 0 54 50 43 50 68 50 19 50 32 50 15 50 27 50 4 50 55
g261 60 58 6
pins g261 0 43 60 23 60 42 60 11
g262 70 55 34
pins g262 0 22 0 34 70 2 70 10
g263 64 70 48
pins g263 0 23 0 43 0 29 0 70 64 25 64 4 64 36 64 55 64 66 64 47
g264 69 59 20
pins g264 0 8 0 51 0 27 69 6 69 8 69 53
g265 56 60 39
pins g265 0 46 0 30 56 44 56 40 56 49
g266 52 68 12
pins g266 0 43 0 15 52 10
g267 54 66 6
pins g267 0 56 0 44 54 49 54 22 54 64
g268 61 60 21
pins g268 0 25 0 24 61 0 61 21 61 48 61 24 61 20 61 8
g269 67 62 34
pins g269 0 62 0 40 0 36 67 1 67 45 67 23 67 15 67 51 67 11
g270 68 74 6
pins g270 0 44 0 29 68 67 68 34
g271 64 73 2
pins g271 0 22 0 11 64 45 64 32
g272 67 71 19
pins g272 0 66 67 47
g273 74 60 32
pins g273 0 20 0 14 74 5
g274 50 64 41
pins g274 0 14 50 6
g275 53 50 23
pins g275 0 17 0 9 0 41 0 47 0 19 0 37 0 13 0 42 0 26 53 49 53 31
g276 75 55 15
pins g276 0 30 0 47 0 31 75 20 75 26 75 55 75 33
g277 69 57 45
pins g277 0 51 0 54 0 44 69 6 69 13
g278 55 51 33
pins g278 0 49 55 12 55 26
g279 50 68 3
pins g279 0 23 0 62 0 9 0 1 50 66 50 11 50 2 50 35 50 0
g280 65 64 8
pins g280 0 0 0 21 65 24 65 0 65 49 65 48
g281 57 64 31
pins g281 0 10 0 12 0 64 0 63 0 36 0 11 0 20 0 40 57 14 57 26 57 15
g282 52 69 22
pins g282 0 3 0 8 0 62 0 18 0 64 0 54 52 67 52 19 52 0 52 10
g283 69 52 38
pins g283 0 52 0 49 0 31 0 50 69 6 69 5 69 18 69 27 69 25 69 52 69 32
g284 69 53 43
pins g284 0 33 0 37 0 7 69 21
g285 56 74 24
pins g285 0 33 0 37 56 20 56 49 56 44
g286 52 67 5
pins g286 0 62 0 12 0 63 0 16 52 10 52 41 52 25
g287 56 56 44
pins g287 0 12 56 17
g288 62 64 33
pins g288 0 59 0 7 0 20 0 43 0 27 62 53 62 58 62 55 62 30 62 36 62 32
g289 62 56 44
pins g289 0 42 62 56
g290 52 56 40
pins g290 0 2 0 47 0 44 52 23 52 54 52 20 52 4 52 49 52 37
g291 61 64 25
pins g291 0 56 0 19 0 22 0 17 61 44 61 24 61 7 61 36 61 46 61 20
g292 57 55 30
pins g292 0 46 0 54 0 34 57 40 57 39
g293 54 72 11
pins g293 0 17 0 29 0 56 0 31 0 20 0 7 54 18 54 46 54 72
g294 71 61 41
pins g294 0 37 0 33 0 5 0 58 0 31 71 43 71 20 71 4 71 26 71 36 71 0
g295 61 52 36
pins g295 0 50 0 8 0 20 61 0 61 44
g296 68 50 26
pins g296 0 36 0 27 0 21 68 46 68 36
g297 71 56 38
pins g297 0 46 71 17 71 40 71 35 71 27
g298 71 58 47
pins g298 0 29 0 22 0 2 71 17
g299 62 73 10
pins g299 0 26 0 8 0 39 62 35 62 3 62 13 62 4 62 32
g300 69 63 23
pins g300 0 48 0 18 69 35 69 15
g301 58 70 27
pins g301 0 43 0 48 58 59 58 53
g302 72 72 48
pins g302 0 39 0 72 0 8 0 36 72 43 72 0 72 16 72 11 72 70 72 12 72 21
g303 52 54 28
pins g303 0 25 0 24 0 19 0 13 52 40 52 52 52 7 52 1 52 5 52 33 52 54
g304 64 62 33
pins g304 0 49 64 4 64 31 64 41
g305 74 72 17
pins g305 0 3 0 71 74 3 74 16 74 67 74 28
g306 69 59 22
pins g306 0 38 69 17
g307 63 50 18
pins g307 0 40 0 17 63 33
g308 59 56 19
pins g308 0 36 0 2 0 5 0 10 0 23 59 8 59 44 59 7 59 46 59 51 59 36
g309 74 60 45
pins g309 0 23 0 5 74 53
g310 63 66 39
pins g310 0 16 63 65 63 9
g311 55 66 29
pins g311 0 60 0 61 0 8 0 38 55 29
g312 63 65 3
pins g312 0 23 63 18 63 26
g313 72 54 6
pins g313 0 23 0 37 0 33 72 12 72 40
g314 65 70 49
pins g314 0 5 65 40
g315 55 60 44
pins g315 0 0 0 41 0 4 0 57 0 51 55 56 55 31 55 3
g316 61 60 16
pins g316 0 11 0 45 0 15 61 13 61 38 61 42
g317 62 56 21
pins g317 0 56 0 28 0 41 0 51 62 48 62 15 62 2 62 49 62 21 62 19
g318 72 68 47
pins g318 0 8 0 1 0 63 72 60
g319 71 59 33
pins g319 0 35 0 39 0 24 71 6 71 33
g320 57 59 24
pins g320 0 41 0 55 0 27 0 32 57 58 57 50 57 29 57 28 57 11 57 46
g321 64 50 31
pins g321 0 35 0 29 0 22 0 33 0 15 0 14 64 38 64 31 64 35 64 36 64 21
g322 75 71 35
pins g322 0 56 75 65
g323 63 50 25
pins g323 0 0 63 23
g324 57 75 38
pins g324 0 74 57 27 57 75 57 22
g325 54 73 21
pins g325 0 11 0 72 0 55 54 41 54 52 54 9
g326 69 58 42
pins g326 0 23 69 46 69 51 69 54
g327 52 68 25
pins g327 0 19 0 41 52 48 52 61 52 62 52 5 52 42
g328 70 70 13
pins g328 0 67 0 52 70 68 70 24 70 15 70 29
g329 58 63 33
pins g329 0 16 58 40 58 59
g330 73 63 29
pins g330 0 16 0 10 0 36 0 57 0 32 0 30 0 11 73 22 73 33
g331 73 51 7
pins g331 0 39 0 9 0 19 73 30 73 12 73 34 73 9 73 26
g332 61 63 13
pins g332 0 44 0 8 0 41 0 60 0 15 61 43 61 40 61 56 61 30 61 13
g333 53 74 47
pins g333 0 16 0 38 0 72 0 20 53 39 53 31 53 54 53 68 53 30 53 22
g334 62 66 29
pins g334 0 6 62 5 62 19 62 64 62 31
g335 68 50 41
pins g335 0 49 68 4
g336 56 72 11
pins g336 0 42 0 52 0 29 56 21 56 8 56 50 56 20 56 66
g337 54 51 15
pins g337 0 28 54 23 54 48
g338 58 65 24
pins g338 0 8 58 3 58 27 58 45 58 38 58 23 58 54
g339 64 50 25
pins g339 0 48 0 33 0 8 64 1
g340 66 69 28
pins g340 0 49 0 46 0 45 0 42 0 63 0 53 66 2 66 25 66 51
g341 57 73 46
pins g341 0 62 57 54
g342 56 55 16
pins g342 0 34 56 22 56 4
g343 65 74 33
pins g343 0 4 0 42 0 50 0 47 0 10 65 61 65 3 65 33
g344 67 57 33
pins g344 0 8 0 17 0 49 0 18 67 15 67 45 67 28
wire_delay 12
wire g1.p4 g2.p2
wire g1.p4 g3.p1
wire g2.p5 g4.p5
wire g4.p9 g5.p1
wire g4.p9 g6.p3
wire g4.p6 g7.p1
wire g5.p6 g8.p3
wire g7.p4 g9.p1
wire g8.p8 g10.p1
wire g5.p6 g11.p2
wire g2.p5 g12.p2
wire g8.p9 g13.p3
wire g10.p3 g14.p1
wire g6.p9 g15.p2
wire g13.p5 g16.p2
wire g7.p3 g17.p1
wire g17.p4 g18.p5
wire g16.p4 g19.p6
wire g14.p2 g20.p1
wire g9.p9 g21.p9
wire g1.p4 g22.p2
wire g20.p2 g23.p3
wire g14.p2 g24.p1
wire g15.p4 g25.p2
wire g7.p4 g26.p3
wire g13.p8 g27.p2
wire g4.p9 g28.p2
wire g2.p5 g29.p5
wire g22.p7 g30.p5
wire g21.p11 g31.p1
wire g9.p7 g32.p1
wire g32.p2 g33.p3
wire g10.p3 g34.p2
wire g29.p10 g35.p1
wire g24.p5 g36.p1
wire g23.p11 g37.p1
wire g11.p6 g38.p2
wire g20.p2 g39.p2
wire g15.p4 g40.p1
wire g28.p3 g41.p2
wire g38.p3 g42.p5
wire g13.p10 g43.p1
wire g5.p7 g44.p4
wire g30.p10 g45.p2
wire g20.p2 g46.p1
wire g21.p11 g47.p2
wire g10.p3 g48.p2
wire g43.p2 g49.p3
wire g41.p5 g50.p1
wire g28.p3 g51.p1
wire g6.p10 g52.p1
wire g2.p3 g53.p5
wire g5.p7 g54.p4
wire g22.p10 g55.p1
wire g5.p6 g56.p1
wire g21.p11 g57.p2
wire g45.p4 g58.p1
wire g43.p2 g59.p1
wire g55.p3 g60.p3
wire g54.p6 g61.p2
wire g33.p7 g62.p3
wire g2.p3 g63.p1
wire g6.p8 g64.p3
wire g51.p2 g65.p1
wire g6.p9 g66.p1
wire g61.p3 g67.p6
wire g66.p6 g68.p3
wire g35.p3 g69.p4
wire g2.p3 g70.p1
wire g11.p9 g71.p4
wire g68.p5 g72.p2
wire g19.p8 g73.p3
wire g61.p4 g74.p2
wire g11.p11 g75.p1
wire g60.p8 g76.p1
wire g12.p7 g77.p1
wire g14.p2 g78.p3
wire g58.p2 g79.p3
wire g67.p10 g80.p1
wire g32.p2 g81.p3
wire g39.p3 g82.p1
wire g11.p9 g83.p1
wire g36.p4 g84.p2
wire g46.p7 g85.p1
wire g71.p7 g86.p1
wire g75.p2 g87.p1
wire g63.p9 g88.p1
wire g85.p7 g89.p1
wire g56.p9 g90.p4
wire g21.p11 g91.p4
wire g66.p6 g92.p4
wire g59.p10 g93.p5
wire g87.p2 g94.p6
wire g22.p10 g95.p2
wire g33.p6 g96.p1
wire g50.p6 g97.p1
wire g64.p5 g98.p1
wire g21.p11 g99.p1
wire g16.p3 g100.p1
wire g75.p2 g101.p1
wire g76.p8 g102.p3
wire g26.p6 g103.p1
wire g72.p3 g104.p1
wire g33.p7 g105.p1
wire g1.p4 g106.p1
wire g6.p10 g107.p1
wire g16.p7 g108.p3
wire g102.p7 g109.p1
wire g101.p2 g110.p2
wire g65.p6 g111.p1
wire g91.p5 g112.p5
wire g98.p6 g113.p2
wire g103.p5 g114.p1
wire g35.p3 g115.p3
wire g91.p7 g116.p1
wire g112.p8 g117.p1
wire g63.p10 g118.p1
wire g58.p3 g119.p3
wire g113.p8 g120.p2
wire g24.p5 g121.p1
wire g107.p3 g122.p1
wire g85.p7 g123.p1
wire g49.p9 g124.p1
wire g89.p5 g125.p4
wire g105.p6 g126.p3
wire g62.p5 g127.p3
wire g57.p4 g128.p1
wire g123.p3 g129.p2
wire g6.p10 g130.p3
wire g35.p3 g131.p3
wire g103.p9 g132.p1
wire g66.p4 g133.p3
wire g65.p9 g134.p1
wire g59.p7 g135.p3
wire g12.p5 g136.p2
wire g90.p6 g137.p1
wire g76.p10 g138.p2
wire g25.p7 g139.p1
wire g85.p6 g140.p4
wire g35.p3 g141.p4
wire g30.p9 g142.p1
wire g123.p3 g143.p3
wire g32.p2 g144.p1
wire g115.p4 g145.p3
wire g113.p11 g146.p1
wire g87.p2 g147.p2
wire g89.p4 g148.p1
wire g66.p5 g149.p3
wire g12.p7 g150.p4
wire g70.p4 g151.p1
wire g101.p2 g152.p1
wire g65.p7 g153.p3
wire g71.p5 g154.p4
wire g133.p9 g155.p1
wire g102.p8 g156.p2
wire g77.p2 g157.p3
wire g70.p4 g158.p1
wire g89.p5 g159.p2
wire g71.p5 g160.p2
wire g13.p8 g161.p5
wire g8.p9 g162.p1
wire g53.p9 g163.p1
wire g25.p10 g164.p1
wire g79.p6 g165.p1
wire g44.p6 g166.p3
wire g30.p11 g167.p3
wire g36.p2 g168.p1
wire g23.p6 g169.p1
wire g22.p6 g170.p5
wire g129.p9 g171.p1
wire g138.p5 g172.p3
wire g51.p2 g173.p1
wire g51.p2 g174.p2
wire g142.p3 g175.p3
wire g44.p5 g176.p4
wire g117.p5 g177.p3
wire g66.p7 g178.p1
wire g143.p6 g179.p3
wire g58.p2 g180.p1
wire g65.p5 g181.p1
wire g138.p4 g182.p1
wire g35.p2 g183.p1
wire g114.p2 g184.p5
wire g34.p4 g185.p3
wire g41.p5 g186.p1
wire g4.p8 g187.p1
wire g99.p3 g188.p1
wire g58.p4 g189.p1
wire g49.p8 g190.p1
wire g142.p3 g191.p2
wire g55.p2 g192.p1
wire g171.p5 g193.p5
wire g166.p9 g194.p3
wire g133.p10 g195.p1
wire g115.p6 g196.p1
wire g154.p7 g197.p1
wire g57.p4 g198.p3
wire g3.p5 g199.p1
wire g185.p8 g200.p1
wire g121.p2 g201.p1
wire g14.p2 g202.p1
wire g98.p5 g203.p1
wire g55.p2 g204.p2
wire g165.p4 g205.p1
wire g86.p2 g206.p2
wire g85.p6 g207.p3
wire g60.p9 g208.p2
wire g20.p2 g209.p3
wire g136.p6 g210.p4
wire g140.p9 g211.p4
wire g88.p2 g212.p1
wire g108.p10 g213.p6
wire g156.p5 g214.p1
wire g75.p2 g215.p2
wire g99.p3 g216.p3
wire g142.p3 g217.p1
wire g37.p7 g218.p1
wire g176.p10 g219.p1
wire g33.p7 g220.p2
wire g39.p3 g221.p3
wire g123.p3 g222.p1
wire g144.p2 g223.p1
wire g142.p3 g224.p3
wire g29.p9 g225.p3
wire g8.p11 g226.p1
wire g176.p6 g227.p1
wire g194.p9 g228.p1
wire g172.p5 g229.p4
wire g4.p6 g230.p2
wire g81.p4 g231.p1
wire g88.p2 g232.p4
wire g188.p2 g233.p2
wire g190.p2 g234.p4
wire g92.p9 g235.p1
wire g118.p5 g236.p2
wire g224.p10 g237.p1
wire g213.p10 g238.p2
wire g161.p6 g239.p2
wire g125.p9 g240.p4
wire g80.p4 g241.p1
wire g94.p9 g242.p1
wire g236.p3 g243.p1
wire g40.p3 g244.p4
wire g55.p3 g245.p1
wire g16.p6 g246.p5
wire g102.p9 g247.p1
wire g22.p6 g248.p1
wire g98.p9 g249.p1
wire g201.p11 g250.p2
wire g219.p2 g251.p2
wire g118.p3 g252.p1
wire g74.p3 g253.p2
wire g227.p9 g254.p1
wire g130.p5 g255.p3
wire g231.p2 g256.p1
wire g43.p2 g257.p3
wire g102.p9 g258.p1
wire g205.p3 g259.p4
wire g144.p2 g260.p1
wire g96.p5 g261.p1
wire g238.p3 g262.p2
wire g51.p2 g263.p3
wire g67.p11 g264.p3
wire g126.p5 g265.p2
wire g144.p2 g266.p1
wire g47.p3 g267.p2
wire g154.p8 g268.p2
wire g125.p7 g269.p1
wire g199.p2 g270.p2
wire g80.p4 g271.p1
wire g183.p2 g272.p1
wire g81.p4 g273.p1
wire g197.p2 g274.p1
wire g235.p10 g275.p1
wire g208.p3 g276.p1
wire g133.p8 g277.p1
wire g240.p6 g278.p1
wire g39.p4 g279.p3
wire g266.p3 g280.p2
wire g45.p3 g281.p2
wire g97.p6 g282.p2
wire g241.p2 g283.p3
wire g25.p10 g284.p1
wire g273.p3 g285.p2
wire g82.p5 g286.p2
wire g154.p8 g287.p1
wire g87.p2 g288.p5
wire g163.p5 g289.p1
wire g187.p2 g290.p2
wire g99.p3 g291.p3
wire g279.p6 g292.p2
wire g86.p2 g293.p2
wire g54.p5 g294.p3
wire g189.p6 g295.p2
wire g236.p3 g296.p3
wire g40.p2 g297.p1
wire g173.p6 g298.p2
wire g72.p4 g299.p2
wire g110.p4 g300.p1
wire g257.p7 g301.p1
wire g72.p3 g302.p2
wire g215.p11 g303.p1
wire g28.p3 g304.p1
wire g182.p4 g305.p1
wire g166.p9 g306.p1
wire g84.p3 g307.p2
wire g162.p7 g308.p1
wire g25.p6 g309.p2
wire g39.p4 g310.p1
wire g173.p5 g311.p4
wire g184.p7 g312.p1
wire g279.p5 g313.p1
wire g96.p4 g314.p1
wire g59.p8 g315.p5
wire g293.p9 g316.p3
wire g315.p8 g317.p2
wire g234.p10 g318.p1
wire g21.p11 g319.p3
wire g246.p8 g320.p1
wire g22.p8 g321.p4
wire g301.p3 g322.p1
wire g192.p3 g323.p1
wire g266.p3 g324.p1
wire g131.p8 g325.p1
wire g311.p5 g326.p1
wire g186.p3 g327.p1
wire g141.p6 g328.p2
wire g305.p5 g329.p1
wire g282.p10 g330.p6
wire g310.p2 g331.p1
wire g68.p6 g332.p2
wire g277.p4 g333.p1
wire g329.p3 g334.p1
wire g36.p4 g335.p1
wire g103.p5 g336.p2
wire g318.p4 g337.p1
wire g140.p10 g338.p1
wire g164.p6 g339.p1
wire g12.p8 g340.p5
wire g79.p7 g341.p1
wire g334.p4 g342.p1
wire g173.p9 g343.p4
wire g177.p7 g344.p2